281 450
294 315
236 267
452 462
57 382
164 436
144 309
92 147
287 368
297 386
35 122
220 238
135 144
141 393
312 392
334 363
77 467
141 419
117 236
120 200
135 309
271 291
92 322
109 315
227 321
122 132
259 309
365 452
352 420
124 313
63 227
27 280
91 144
154 368
291 321
25 183
57 77
157 188
77 382
122 186
46 168
356 392
231 306
57 392
360 401
120 161
365 467
294 363
305 412
381 387
183 390
63 287
302 323
179 292
338 377
284 462
97 228
419 436
39 146
200 259
31 291
37 237
293 324
184 321
303 364
105 467
24 322
286 466
294 376
404 458
119 146
165 237
312 419
419 447
91 191
168 271
369 433
40 164
122 292
277 352
154 213
249 292
136 359
346 364
92 236
117 141
192 328
316 405
137 294
77 140
53 389
305 312
40 147
334 376
121 249
109 281
285 420
151 426
379 431
15 121
245 381
339 412
133 313
184 441
146 171
293 386
381 467
123 381
115 304
299 343
370 467
167 292
118 132
62 387
65 368
200 272
51 377
61 368
146 187
237 387
345 393
279 392
62 321
360 403
36 312
46 316
200 457
312 365
19 345
191 423
161 457
375 383
167 299
263 388
288 289
61 271
147 322
237 336
280 287
88 365
146 271
260 454
61 406
160 225
305 363
233 313
292 389
7 237
36 99
141 363
133 283
126 263
188 305
120 457
92 286
287 312
339 449
252 381
363 419
154 179
153 382
60 206
295 448
187 263
109 339
147 317
160 176
152 377
334 462
40 335
141 343
248 352
371 397
35 452
118 299
283 368
279 312
253 352
305 357
77 465
292 370
62 337
209 467
308 449
108 135
313 341
168 317
31 406
31 377
28 123
19 426
101 104
186 403
220 267
334 343
188 365
245 379
365 436
226 368
63 339
316 376
190 284
67 247
237 371
236 466
1 34
389 390
31 109
176 287
77 389
28 406
343 410
39 312
39 332
141 288
123 166
336 356
65 364
153 449
334 336
324 386
317 417
10 391
31 364
340 363
65 324
330 465
78 151
289 410
28 183
305 336
321 412
316 365
316 356
273 467
109 164
104 302
73 97
58 186
417 425
191 327
39 432
36 382
336 388
167 337
92 117
239 461
31 101
73 120
26 239
183 357
204 365
40 312
27 84
167 211
99 116
57 311
381 392
273 342
27 288
28 321
39 257
292 435
102 260
191 357
263 441
19 161
210 313
186 341
123 288
162 164
154 227
345 400
144 431
401 426
132 371
144 314
403 436
296 436
57 362
210 225
242 419
132 382
315 336
393 419
364 387
23 343
180 356
267 466
2 192
216 462
11 146
260 381
40 343
161 301
245 267
146 179
376 432
237 356
61 165
28 105
292 321
299 334
389 436
110 401
65 297
141 208
260 312
371 462
84 454
174 301
59 335
162 327
375 426
357 365
28 336
161 259
335 410
296 423
371 400
67 393
116 285
253 281
105 243
164 252
81 365
104 134
27 123
124 362
160 362
2 239
363 393
271 301
39 56
320 365
119 302
198 371
73 102
146 368
120 245
137 449
2 129
120 155
271 356
153 312
165 206
376 449
331 422
432 462
77 123
11 58
24 40
97 259
241 422
104 284
249 343
273 302
294 389
11 36
149 428
6 109
316 384
226 289
19 381
272 405
78 382
50 291
141 365
77 99
155 289
36 330
26 248
203 259
287 364
289 316
1 9
79 336
293 297
177 467
286 446
20 210
141 144
97 120
289 356
149 403
252 271
164 369
286 442
185 389
22 393
264 346
176 240
46 393
317 322
31 326
273 465
284 419
288 320
31 223
311 436
3 9
73 155
305 400
320 337
354 386
192 401
313 435
198 377
334 392
225 242
271 419
123 284
61 405
194 409
280 392
439 465
368 412
109 162
104 122
317 328
121 244
375 450
263 365
144 352
292 316
140 467
177 410
282 364
260 332
46 77
120 347
59 164
39 228
39 102
223 271
127 129
207 312
25 213
139 364
339 448
81 381
31 43
324 354
210 302
168 460
322 419
14 253
238 311
271 403
359 400
14 77
122 279
225 442
161 200
241 364
201 285
97 132
168 240
140 303
419 449
28 294
360 435
63 177
40 364
68 465
225 349
155 346
387 436
71 334
194 213
389 400
294 419
22 299
209 426
147 286
20 35
35 58
376 406
36 327
176 389
294 403
34 305
266 284
227 436
207 452
297 398
213 227
19 409
124 424
272 336
63 417
81 248
387 423
53 382
24 466
279 382
19 285
99 301
129 297
349 357
198 387
312 334
199 436
339 340
147 407
183 447
36 279
321 449
39 308
159 328
244 248
120 224
102 211
80 332
26 452
213 237
135 353
74 250
181 227
176 363
173 392
64 186
79 284
104 305
107 245
299 398
281 308
92 141
153 213
20 122
164 184
164 349
247 448
2 101
23 210
58 249
73 87
178 321
400 422
177 365
249 467
12 370
14 120
292 337
151 204
265 366
85 249
249 332
210 349
184 328
194 424
67 223
133 305
313 367
19 382
