3 109
282 374
266 433
428 443
127 275
55 428
252 268
339 419
188 393
297 324
419 448
357 403
328 433
357 428
268 443
204 350
86 169
118 379
293 354
157 398
109 268
268 339
3 48
348 458
403 419
55 448
100 458
268 345
294 315
52 100
239 328
8 15
204 377
190 283
268 420
137 463
210 467
245 339
332 419
315 420
83 91
183 328
319 339
8 373
260 291
317 403
3 9
87 403
291 412
204 222
190 339
171 242
190 341
137 294
7 231
348 393
357 467
100 348
3 322
242 419
252 282
101 452
87 428
111 258
245 282
294 463
118 183
52 458
183 239
109 403
52 255
298 428
123 169
208 428
319 357
393 458
191 448
6 240
3 365
299 419
345 467
52 348
242 327
52 433
55 241
191 420
204 370
8 450
219 462
144 462
155 219
297 386
174 419
268 371
428 456
190 420
294 301
9 48
9 199
6 366
255 404
143 268
252 323
341 448
55 86
107 419
55 335
324 354
7 268
83 167
191 210
39 204
140 188
127 383
16 398
94 454
293 386
239 433
45 297
222 403
269 275
412 439
419 463
24 82
8 357
204 228
366 466
360 419
59 282
180 363
252 379
94 127
188 319
150 339
288 436
294 338
157 242
89 268
221 268
58 140
257 357
448 462
348 404
109 350
191 223
398 439
17 277
210 286
123 419
8 399
55 123
275 303
8 324
268 428
180 460
341 444
5 74
226 306
30 419
445 466
91 275
285 419
82 419
48 268
225 341
87 228
55 443
190 260
86 467
419 461
16 332
191 467
18 428
127 257
300 433
73 167
107 141
87 457
282 317
155 156
297 354
16 188
65 386
282 358
339 436
393 467
123 357
16 394
306 350
88 204
330 419
190 291
45 467
288 467
341 350
352 436
260 339
158 457
157 252
366 381
91 395
162 400
339 357
24 444
275 377
365 366
238 428
9 190
94 275
164 204
145 381
87 268
123 306
54 275
327 419
55 103
373 450
15 277
252 467
123 360
381 439
315 327
312 357
33 403
52 393
17 142
16 365
141 428
156 312
3 10
190 449
191 315
410 416
83 140
256 433
177 419
210 360
145 191
155 210
338 458
141 419
49 252
133 319
104 268
137 338
190 246
171 319
40 412
294 448
354 360
19 231
228 354
51 377
103 156
45 275
251 432
77 266
223 379
87 297
91 156
97 428
5 412
328 381
286 419
191 416
3 7
167 351
328 462
91 201
162 249
144 324
223 327
210 238
223 420
49 245
220 383
3 141
252 440
127 248
298 443
8 150
169 381
59 403
54 285
25 440
169 268
3 420
172 283
291 324
171 462
138 448
127 162
127 377
458 467
169 275
173 428
55 157
112 118
99 172
266 370
5 109
226 324
335 419
104 339
144 338
191 381
294 354
83 123
100 318
87 440
48 54
275 291
40 105
140 426
260 370
98 190
312 443
249 275
143 180
10 86
98 103
41 191
97 268
87 141
220 435
2 239
37 436
162 306
31 372
376 444
16 167
103 462
260 317
317 358
130 462
448 467
55 210
317 395
2 393
77 199
245 467
191 443
293 324
294 309
94 240
102 327
433 458
210 461
8 204
136 428
277 301
419 465
379 381
98 377
293 339
282 293
180 366
255 318
379 428
275 366
226 403
268 457
24 86
55 156
100 393
275 285
275 432
332 386
91 266
327 376
101 395
87 466
239 348
52 238
372 412
190 347
153 191
7 340
15 45
341 366
275 365
199 245
41 188
242 463
252 428
169 248
167 179
420 463
294 420
228 339
315 365
237 431
91 200
211 467
134 428
6 419
91 431
100 433
24 99
55 357
242 433
48 55
30 156
275 419
232 358
193 381
286 315
191 341
82 403
316 324
366 461
129 339
139 171
393 404
43 180
239 393
45 324
173 188
91 136
183 240
324 443
340 404
198 285
381 460
315 357
109 345
327 433
226 261
18 137
89 381
25 42
255 348
245 426
71 370
97 420
107 327
91 241
1 317
282 376
15 242
388 428
275 374
49 400
255 458
109 242
15 109
2 183
248 312
111 204
31 400
239 458
183 365
55 173
167 448
71 243
6 332
242 269
404 458
229 252
268 373
14 461
123 437
217 324
293 467
255 433
142 359
175 237
55 338
48 291
15 350
217 286
41 384
240 464
328 403
52 239
291 419
201 241
240 454
156 323
101 464
268 340
86 87
327 408
123 440
339 386
173 419
268 393
222 304
127 299
191 272
16 252
419 431
340 377
3 303
45 210
259 419
230 341
241 322
307 366
198 204
268 441
266 366
8 155
204 448
136 241
167 432
286 306
233 338
312 403
102 208
268 470
106 445
297 403
8 242
193 341
20 299
433 448
223 230
3 205
191 401
67 317
174 210
269 381
91 425
8 156
118 219
137 190
361 467
193 260
37 339
110 159
201 248
238 412
58 379
366 460
77 345
401 419
105 208
87 434
88 268
8 426
254 354
377 420
162 439
49 433
106 298
277 403
19 169
54 428
166 357
162 395
16 19
5 245
169 171
405 409
14 306
33 217
91 419
7 435
247 433
94 377
24 169
194 357
191 307
241 431
223 318
186 294
430 444
318 428
5 99
99 360
127 436
86 341
198 223
275 351
188 317
129 354
171 381
83 268
10 420
412 419
293 297
294 318
103 146
140 452
162 357
77 408
42 428
372 400
191 461
133 231
103 107
107 191
18 426
12 294
2 458
339 428
91 142
110 164
245 261
137 309
183 428
169 260
16 451
219 463
268 452
311 383
52 339
31 448
42 312
59 107
15 48
167 242
91 436
82 433
88 190
318 404
103 157
94 383
103 190
233 252
337 354
91 413
19 319
48 266
167 462
6 339
55 183
436 452
255 328
87 222
404 462
404 428
357 443
118 223
360 379
357 419
52 318
103 211
86 365
383 422
71 222
242 338
140 156
319 467
2 419
191 340
188 462
91 466
151 456
201 454
31 170
167 417
348 365
228 231
357 448
82 219
324 452
286 357
50 120
183 266
354 454
8 318
228 448
223 227
324 386
218 369
301 339
122 454
45 167
118 340
242 257
157 393
139 157
58 188
319 332
24 96
193 448
348 433
56 254
245 412
160 412
157 210
384 386
100 255
216 318
19 345
164 322
251 417
8 31
191 462
113 190
166 354
327 463
33 419
129 188
58 467
24 259
52 291
94 249
137 428
19 465
19 245
239 255
312 428
109 210
72 188
16 282
345 448
306 322
109 436
318 348
319 323
19 103
399 439
223 266
210 229
226 362
204 269
195 383
100 448
140 252
340 359
169 325
77 211
39 172
91 246
275 290
190 199
210 266
3 245
19 133
222 419
141 404
16 224
140 322
52 404
174 286
41 341
31 182
9 109
275 357
52 183
297 351
301 309
137 301
88 301
7 312
252 406
8 202
15 268
133 381
123 190
135 436
10 408
399 452
20 223
255 448
285 408
115 142
8 45
286 420
219 254
223 354
18 383
293 403
210 256
164 381
222 428
3 55
295 404
225 328
395 432
244 366
16 323
83 403
60 339
3 54
138 357
200 204
141 303
282 428
173 317
86 367
454 464
327 395
252 438
296 419
18 140
50 408
87 109
86 137
237 357
155 242
339 354
190 377
115 223
193 246
282 383
18 127
248 456
117 223
135 443
89 156
97 317
299 462
138 252
228 237
182 372
65 137
233 412
182 448
93 448
12 431
142 241
49 55
18 123
171 469
81 277
293 384
109 157
5 360
248 339
9 55
144 357
167 229
56 381
324 351
268 426
319 461
366 374
94 312
262 428
232 433
8 265
2 348
238 319
10 328
100 399
190 219
51 99
123 381
383 450
115 277
74 231
360 456
354 467
381 433
252 315
74 422
237 261
162 429
161 327
431 454
322 386
231 434
266 334
91 190
379 405
333 470
164 350
216 467
94 381
231 420
45 174
304 350
433 467
71 350
266 333
275 448
395 408
463 467
33 268
260 355
162 399
223 315
19 328
16 301
146 249
327 436
232 317
145 413
14 431
142 384
7 398
259 352
133 246
3 140
371 439
73 419
5 467
127 157
261 409
164 386
109 294
2 328
258 379
276 381
164 245
318 365
82 399
454 467
16 49
137 169
8 408
20 166
158 204
6 118
102 135
76 350
94 398
45 448
127 145
167 400
268 418
199 226
256 360
166 346
260 300
155 404
77 91
324 467
5 399
301 341
123 177
5 98
121 291
205 291
275 315
370 432
6 328
101 431
164 241
179 286
226 416
65 70
3 204
101 112
140 158
204 374
42 374
103 444
19 355
104 175
338 443
228 301
93 433
58 173
282 467
19 97
266 299
102 256
111 327
7 237
122 268
82 379
210 225
277 374
230 266
24 439
135 379
188 323
452 467
359 448
167 467
18 306
199 268
354 376
158 370
49 338
109 341
297 436
101 225
24 399
16 219
91 164
304 456
45 469
301 444
222 350
241 358
403 412
219 251
49 357
202 443
306 377
244 315
399 426
275 373
99 377
384 454
7 16
408 454
88 294
257 268
208 228
122 357
136 230
339 417
3 357
6 225
168 245
299 383
3 443
118 352
312 377
55 282
334 443
2 237
420 467
166 381
156 158
102 157
123 466
127 443
127 324
174 260
96 109
45 403
103 249
2 18
74 216
104 436
94 245
199 317
192 293
40 428
428 454
381 409
238 291
352 428
19 426
40 98
122 381
260 443
83 339
3 219
118 370
223 312
332 401
6 420
2 301
155 300
238 286
82 354
204 300
183 242
99 177
43 260
239 365
293 373
339 363
204 258
43 226
3 208
9 77
361 403
73 366
86 421
249 303
171 282
175 188
69 282
340 393
220 317
188 385
83 357
170 244
156 221
240 428
217 357
5 40
55 188
300 312
277 357
24 420
300 354
130 245
302 428
130 448
15 444
105 358
217 434
87 304
177 338
172 246
83 264
141 360
155 318
104 399
237 405
207 386
174 236
300 366
86 346
264 466
254 275
136 269
247 431
24 228
275 461
7 106
144 374
91 253
190 197
196 306
59 340
327 332
172 403
17 463
222 370
110 293
419 432
178 315
242 436
370 400
22 193
231 269
157 188
172 443
365 398
299 436
394 467
167 171
41 464
238 315
169 291
42 49
41 461
266 300
122 319
30 140
223 355
107 235
58 319
162 467
291 332
360 461
240 366
291 403
123 421
191 193
268 375
138 366
191 466
246 466
9 245
3 428
174 357
188 327
129 370
93 245
317 429
246 366
75 157
54 91
228 403
186 365
285 432
231 242
3 157
33 454
10 183
183 404
86 317
201 222
190 315
220 419
286 379
19 269
3 465
315 419
16 370
246 318
403 416
8 56
172 204
190 463
118 240
59 360
7 433
7 420
97 220
107 137
104 260
6 217
8 97
162 294
277 297
99 181
94 122
223 375
98 366
123 200
337 338
374 460
54 306
123 338
146 428
130 144
59 386
248 352
109 322
144 436
242 321
296 467
198 452
166 444
88 142
282 372
17 359
141 282
10 80
139 167
173 354
110 188
253 338
117 135
15 24
328 354
120 457
99 367
308 448
127 332
266 302
67 383
188 283
8 52
328 404
127 173
225 265
118 309
275 335
222 384
107 282
45 384
253 366
82 357
55 219
226 429
71 435
171 240
249 252
268 346
129 461
10 340
18 151
266 383
16 175
318 393
146 433
82 291
152 373
370 436
251 266
365 404
226 318
10 144
298 312
287 324
142 286
16 452
191 215
365 444
275 343
158 303
17 223
231 291
139 266
139 158
19 136
158 426
211 462
339 364
419 470
8 245
360 377
220 429
140 190
105 248
24 190
93 253
363 373
157 204
115 137
432 438
225 433
130 266
157 457
238 393
219 229
332 412
49 426
133 346
339 370
249 368
49 251
9 319
340 403
324 448
306 431
141 466
458 462
172 291
344 397
167 461
6 373
338 463
223 299
160 193
169 210
105 420
107 153
137 377
116 199
123 251
220 291
216 399
208 463
155 169
24 223
242 422
17 115
109 188
167 377
48 164
237 341
190 349
10 400
348 379
162 372
403 429
8 439
383 394
33 252
2 101
101 393
379 462
204 359
20 169
17 419
306 462
136 470
226 436
179 454
211 357
315 457
248 338
398 440
218 219
271 275
373 452
5 361
202 323
136 398
6 183
167 195
246 428
52 467
253 448
91 217
56 327
45 140
14 352
254 462
268 277
226 275
294 419
403 462
7 175
246 403
276 470
139 282
180 373
240 245
364 403
240 412
169 354
233 439
384 456
31 338
185 226
188 324
7 174
31 252
328 348
69 403
48 188
38 204
157 246
107 167
93 240
218 469
164 218
76 435
135 252
229 266
127 317
381 462
231 346
339 398
324 435
183 458
130 311
251 440
312 385
45 291
219 428
370 462
228 293
87 366
77 317
118 465
39 145
140 214
144 467
9 428
167 293
168 399
242 312
104 452
116 166
450 461
120 158
6 178
191 197
14 373
200 466
229 428
190 456
16 448
144 370
136 237
454 462
10 300
