252 268
3 48
87 403
428 443
3 109
297 324
357 419
339 419
328 433
55 448
348 458
275 419
357 428
294 301
86 169
157 398
403 419
137 294
245 339
3 9
127 275
219 462
190 283
91 136
9 190
239 328
118 379
137 463
100 458
345 467
190 341
297 354
9 48
167 432
109 268
123 419
338 443
55 428
8 226
419 448
242 327
282 357
428 454
3 420
33 217
100 348
8 373
109 350
52 100
204 222
298 428
282 374
169 381
266 433
294 463
275 366
252 428
373 450
268 443
3 365
183 239
6 240
55 443
277 403
94 383
5 109
216 467
366 466
252 282
365 366
55 219
204 219
204 350
8 450
127 248
3 219
301 339
8 324
52 255
190 246
52 348
111 258
328 462
239 433
193 381
171 242
55 157
293 354
268 428
190 420
16 370
222 403
324 443
260 291
3 322
86 433
219 463
171 319
49 433
419 463
191 443
145 191
190 260
223 230
52 433
293 386
191 315
315 365
245 282
137 219
145 381
180 363
204 377
268 345
3 10
190 339
398 439
52 183
275 351
87 433
87 457
160 360
158 457
52 238
293 297
183 328
190 291
354 386
357 403
3 7
7 268
337 354
428 433
87 222
7 398
111 204
327 339
188 393
8 91
260 339
5 74
8 15
33 403
448 467
83 167
255 404
127 383
348 393
297 386
268 371
294 315
123 466
239 458
354 360
341 448
123 169
91 425
171 462
190 449
8 426
83 91
169 171
137 190
352 436
18 426
316 324
239 393
238 428
393 458
127 162
318 404
260 317
328 404
100 318
8 146
52 458
208 428
217 324
255 433
8 399
393 467
191 193
256 428
49 252
294 309
8 201
242 463
55 86
226 324
233 252
118 223
348 404
19 127
204 370
136 241
94 454
97 428
404 462
167 251
433 458
339 386
410 416
404 458
91 275
164 245
45 448
282 376
252 323
395 408
135 419
45 384
266 366
3 283
198 285
228 339
87 242
9 199
394 467
52 239
238 393
291 324
191 393
317 338
161 327
191 448
16 394
87 419
18 252
98 191
242 315
17 277
379 405
291 412
169 325
52 393
255 328
282 428
5 412
233 412
348 433
198 428
277 301
191 335
208 228
96 109
251 432
335 420
293 339
169 268
275 285
251 419
107 324
52 404
217 286
167 275
191 241
215 324
171 285
140 426
327 376
138 448
67 317
412 439
77 345
40 365
8 204
188 191
1 317
55 241
54 381
127 257
208 339
89 381
100 393
219 432
3 205
43 180
180 460
155 156
3 223
251 417
252 379
193 448
140 316
5 467
140 452
52 328
268 393
100 433
93 339
86 365
216 318
2 239
191 401
7 435
104 120
54 134
91 241
294 338
204 448
110 240
334 443
45 210
370 432
137 338
139 171
91 317
9 55
288 467
104 175
186 294
275 365
245 426
157 204
366 381
18 428
133 319
101 452
327 433
22 193
16 140
201 248
286 357
123 360
240 464
45 376
26 339
191 416
218 369
318 365
252 440
297 403
259 419
219 245
255 318
318 393
245 467
58 379
138 428
339 398
239 348
183 365
16 49
16 266
240 245
5 360
339 461
37 339
275 291
419 432
88 301
231 383
115 223
285 324
319 467
105 420
219 304
242 339
167 417
312 428
384 456
303 339
188 318
16 323
8 266
136 470
317 403
45 275
183 404
3 245
142 241
7 231
191 420
153 191
150 157
350 419
129 339
5 99
354 376
18 49
226 403
190 199
198 223
93 448
169 318
345 376
91 246
315 420
158 339
143 180
318 348
201 454
228 251
10 408
8 408
175 260
91 266
400 433
168 219
33 268
242 419
16 188
238 365
139 167
241 431
18 219
15 350
247 433
135 252
94 240
16 398
88 294
135 335
6 339
33 419
201 241
324 354
379 462
199 254
225 328
445 466
45 297
65 399
162 428
71 243
2 339
399 426
193 341
282 312
59 282
82 379
328 458
360 377
255 348
103 462
379 381
94 245
354 432
98 377
239 255
133 145
268 339
210 467
40 109
286 315
120 457
328 381
260 355
232 358
420 463
48 109
180 366
5 399
19 383
157 242
2 393
239 404
48 54
222 350
74 216
9 319
306 354
6 366
223 252
49 420
285 408
253 448
41 384
87 269
405 409
443 467
30 86
45 312
191 195
191 215
219 428
173 277
19 465
223 370
8 318
255 458
94 188
40 156
242 338
77 91
338 458
7 89
212 419
86 180
118 183
419 461
286 399
324 452
171 188
173 369
135 319
24 86
275 432
158 370
164 298
216 360
386 454
140 204
171 464
104 339
162 399
45 174
17 142
327 463
89 156
16 440
210 266
140 219
45 403
19 413
7 226
255 428
137 204
137 164
76 432
360 419
268 467
248 338
327 395
230 408
252 436
298 443
164 241
100 383
282 467
49 251
3 208
312 443
399 452
120 158
87 357
183 458
315 339
130 266
183 238
399 422
193 339
73 245
5 361
458 467
383 399
217 434
45 220
204 428
219 433
190 282
3 398
428 467
299 383
91 200
233 266
54 324
275 283
408 454
327 419
233 312
99 133
193 246
190 384
16 252
218 469
88 142
77 266
3 118
419 435
67 91
162 282
171 219
339 441
144 338
8 99
220 435
97 413
245 454
204 298
89 145
268 457
376 429
183 242
106 445
183 433
58 448
144 433
2 183
196 306
306 350
368 420
16 433
123 437
381 419
8 265
319 339
269 381
103 432
231 434
107 338
271 433
91 398
412 466
210 327
190 377
319 461
248 352
204 258
238 404
276 381
167 179
210 229
99 282
54 210
328 373
89 268
87 293
81 277
103 190
171 469
191 272
217 405
110 408
10 436
361 419
301 309
31 127
345 398
81 345
16 451
107 169
100 239
113 190
332 419
8 175
135 379
17 399
365 398
223 293
16 365
327 408
5 40
21 292
254 354
252 337
82 246
88 268
217 287
144 436
167 324
215 360
2 419
136 428
188 223
191 462
226 318
107 123
310 379
191 341
7 48
246 341
190 347
241 454
16 334
213 366
72 188
191 383
40 412
83 345
352 369
191 286
258 379
355 401
94 173
83 140
86 467
115 253
222 384
175 462
175 237
49 426
102 157
16 315
162 467
142 384
275 335
164 432
41 191
373 403
146 433
101 464
293 419
321 419
216 379
169 439
240 454
223 419
268 373
156 428
158 223
217 263
245 412
189 464
226 460
89 245
30 140
45 345
443 448
219 254
54 428
30 156
191 307
226 338
55 357
3 180
137 315
293 408
109 403
45 140
238 255
190 219
277 357
6 94
33 457
9 109
8 85
196 369
226 393
3 140
8 255
3 303
25 42
328 354
388 428
6 328
52 318
328 348
377 458
50 379
91 354
383 403
3 141
115 137
107 327
55 169
162 400
225 304
110 285
58 467
115 456
59 340
103 383
127 299
87 109
112 118
55 338
155 169
151 456
204 454
301 463
231 381
129 432
157 457
171 240
324 417
31 291
219 379
103 360
97 99
222 304
339 457
335 448
286 419
225 433
55 233
226 306
365 428
275 448
271 419
88 190
292 462
231 269
339 452
458 462
41 188
100 169
86 383
77 408
135 428
81 275
3 167
96 136
102 327
40 454
164 386
88 332
268 470
383 450
183 393
360 456
100 354
219 450
188 204
360 462
48 384
171 227
340 383
395 431
282 358
246 448
94 193
42 282
144 324
348 365
138 252
8 192
111 118
40 428
18 137
169 252
297 436
91 217
91 420
101 393
275 381
189 381
48 268
201 222
43 266
93 245
50 408
254 337
141 428
226 417
297 432
249 339
109 345
188 189
107 191
99 172
420 432
230 420
226 238
293 403
307 366
220 293
17 395
65 386
191 260
345 399
188 462
107 291
93 242
179 286
210 225
117 223
260 275
87 440
233 439
171 225
282 354
252 406
338 418
275 463
260 345
55 162
115 142
168 245
285 432
339 417
171 467
88 182
246 420
223 456
239 462
233 443
265 339
91 123
275 357
344 397
337 360
96 317
217 316
30 355
354 371
86 300
139 157
103 398
156 312
91 164
162 383
254 275
307 466
94 231
171 381
245 381
19 103
8 200
173 301
286 339
361 467
339 360
140 252
18 433
5 8
103 408
14 461
3 408
426 462
24 103
30 419
285 360
91 405
25 419
339 366
87 228
174 420
2 458
140 379
317 395
10 144
224 403
233 338
127 433
107 286
246 403
54 351
463 467
219 409
160 191
73 379
161 413
252 324
204 318
141 370
217 419
350 436
54 275
433 462
207 386
55 456
162 249
399 439
144 462
120 337
339 433
115 277
25 440
225 467
55 69
416 463
6 109
233 238
49 237
172 403
191 301
94 373
118 240
102 208
151 452
101 395
320 381
106 439
118 238
155 219
294 420
17 115
94 189
5 219
104 399
16 452
170 244
408 432
50 120
179 454
98 190
10 48
191 403
6 18
30 401
238 467
24 376
217 466
275 354
65 454
8 101
133 346
293 366
318 458
33 252
159 436
98 171
18 107
164 240
91 413
16 18
162 357
137 169
296 419
18 283
162 306
357 443
5 245
123 240
366 374
171 335
286 420
252 438
386 420
37 196
383 422
246 366
292 321
193 268
171 191
49 275
241 435
319 371
58 204
268 420
190 349
172 283
238 328
99 244
171 189
19 426
268 340
354 381
202 285
233 426
169 348
228 318
89 327
158 428
106 298
91 395
12 123
217 277
171 324
143 419
7 143
144 328
380 399
248 339
301 315
58 335
133 228
275 430
320 345
146 324
104 268
275 387
103 133
109 379
158 245
381 409
60 339
291 297
41 275
351 443
366 429
55 210
90 366
341 444
217 305
150 339
106 367
322 345
285 467
30 137
144 214
265 381
157 210
230 317
160 355
177 419
3 327
55 348
210 256
217 440
116 456
137 301
285 419
251 301
190 216
18 360
249 419
220 426
145 357
136 436
21 383
99 360
155 318
340 404
183 338
91 436
122 157
183 348
33 293
275 327
208 210
232 433
215 285
366 461
238 239
242 433
59 275
345 355
190 315
34 428
266 469
91 190
309 315
86 346
167 420
287 324
188 291
225 365
157 175
242 458
454 464
328 403
105 312
88 204
127 226
169 248
15 277
186 338
16 369
232 350
46 243
6 183
41 464
75 175
199 245
230 341
315 435
360 441
244 366
155 204
328 393
214 219
300 354
8 179
12 20
142 359
365 404
25 354
45 469
143 405
9 283
282 319
45 324
77 428
198 204
118 370
182 294
226 362
381 461
358 443
15 48
33 89
192 366
210 297
226 429
251 292
77 357
7 175
87 350
67 219
48 55
171 218
60 157
294 365
89 155
228 301
45 357
73 405
8 381
192 233
136 419
136 369
164 204
110 164
16 352
357 448
60 360
15 383
49 107
226 315
98 103
89 188
386 433
49 245
193 260
282 360
217 291
254 433
33 454
312 403
164 167
51 377
242 457
186 365
183 240
179 188
228 448
7 340
164 217
6 383
190 374
162 439
77 211
199 395
19 245
82 399
225 231
198 452
266 374
208 231
30 432
10 141
101 225
428 456
294 448
293 435
222 277
242 269
41 45
20 223
220 443
265 399
275 303
45 291
10 167
13 266
130 462
268 286
142 158
6 118
88 217
293 467
74 231
33 466
30 191
204 223
49 448
242 404
76 420
111 339
99 305
169 274
50 158
107 137
38 166
7 306
167 219
137 268
430 444
287 339
226 328
304 350
366 459
16 77
109 341
3 452
18 86
262 443
193 199
91 160
151 365
252 366
2 268
27 190
159 346
140 175
211 462
70 292
118 219
168 412
91 428
9 245
54 65
8 97
230 286
134 428
180 319
267 425
120 215
70 275
98 283
71 350
86 421
74 346
372 400
335 435
76 241
226 261
217 297
127 366
83 377
145 251
137 339
12 136
2 251
275 461
72 419
246 419
5 98
25 467
15 87
157 252
40 105
33 286
305 403
150 208
351 408
193 462
216 399
136 230
129 188
10 420
7 420
169 299
130 198
268 350
268 357
86 317
156 399
199 463
271 464
157 339
282 436
19 94
248 294
316 426
240 408
196 339
9 216
132 419
98 216
362 428
24 444
99 462
193 198
216 231
241 272
3 379
324 386
199 258
37 171
137 309
3 157
354 358
49 167
341 357
448 462
49 229
338 345
242 257
130 239
294 350
363 373
18 109
205 291
19 48
117 144
74 422
285 315
251 276
140 190
162 248
41 94
239 365
155 404
345 439
91 171
130 381
164 223
135 175
101 431
210 384
142 286
217 223
123 283
100 405
129 388
231 340
404 428
31 275
199 306
77 157
208 256
101 112
157 365
123 353
254 386
97 365
18 155
294 339
217 238
283 377
93 240
3 81
25 162
76 218
7 432
18 40
135 436
265 286
193 369
9 428
127 377
240 253
104 260
16 167
89 193
25 465
180 246
140 167
87 252
157 312
