281 450
379 431
376 436
99 271
293 386
122 462
293 324
294 315
297 386
259 309
194 467
293 354
226 462
164 186
369 470
312 357
120 161
285 465
277 352
161 259
419 428
109 281
315 376
35 327
427 458
324 354
299 401
277 365
183 327
51 377
419 467
191 287
301 392
120 309
116 186
366 460
229 271
123 433
324 386
92 236
19 301
168 370
419 423
209 321
277 381
124 285
194 321
146 308
153 381
305 371
123 404
200 259
118 181
301 304
164 168
260 419
213 377
242 315
292 318
346 470
2 239
354 386
141 392
120 200
365 419
155 164
134 326
387 432
35 122
432 454
271 414
382 389
305 428
339 437
233 264
166 188
271 467
387 439
364 393
393 423
379 462
134 387
135 309
16 389
281 459
161 200
53 293
329 389
81 206
382 412
21 365
62 305
334 337
353 377
10 313
118 160
104 206
365 392
365 401
297 324
152 377
109 450
363 419
273 371
62 389
53 59
209 277
2 400
146 237
200 413
123 462
164 311
53 271
279 433
92 322
63 334
22 299
227 305
279 413
78 145
122 283
132 346
322 381
125 155
184 321
53 308
73 102
377 407
177 333
118 243
157 271
31 388
239 318
120 259
117 236
116 321
231 454
333 341
383 438
163 194
67 206
389 412
72 157
305 335
194 448
432 462
292 368
105 260
103 272
338 467
164 431
297 354
252 378
184 381
153 370
184 194
28 364
116 285
28 213
290 371
226 370
244 260
284 378
364 392
327 329
129 419
89 413
294 419
135 450
301 439
31 227
116 255
97 309
53 393
178 242
85 376
299 375
354 392
229 434
157 302
54 393
167 448
36 157
167 419
81 465
260 292
292 376
188 381
305 316
180 346
91 271
20 122
167 240
155 163
376 381
403 419
28 294
365 452
135 153
99 229
225 465
97 413
67 392
78 352
26 381
94 414
141 462
237 357
352 393
126 336
220 238
414 454
178 387
176 423
291 449
206 253
13 271
141 371
275 419
22 375
194 304
181 413
144 352
271 301
39 339
286 317
26 176
315 379
229 336
141 393
124 188
389 422
62 191
284 294
272 449
85 279
138 371
381 420
248 315
153 338
271 458
160 451
305 330
44 283
10 118
302 392
19 284
167 334
308 468
157 317
40 341
167 271
194 419
188 402
97 120
266 432
191 365
391 432
208 377
149 203
100 104
98 195
56 370
208 244
346 389
77 389
272 292
346 363
225 426
135 459
416 419
28 39
236 370
194 365
91 277
400 419
42 371
16 167
213 253
2 157
180 203
47 206
255 294
150 271
294 416
333 339
361 382
354 422
423 467
65 293
17 281
236 267
164 280
290 349
149 231
217 387
245 432
283 403
8 213
371 405
260 428
280 338
145 411
13 470
291 432
291 376
209 335
78 144
99 365
164 356
357 381
184 230
184 366
129 466
328 381
379 381
332 429
179 288
135 281
308 375
179 356
167 229
237 414
133 283
135 144
53 141
164 434
22 43
363 434
329 470
85 401
327 371
74 307
39 312
19 439
124 379
11 370
81 145
271 397
120 402
167 208
225 312
240 371
73 159
67 132
79 93
153 292
116 164
301 336
77 375
260 411
56 223
137 352
352 428
171 186
145 369
341 413
180 283
157 377
93 327
430 462
294 376
67 364
18 191
93 130
166 213
294 301
77 150
124 236
352 357
85 140
135 225
200 228
118 436
109 393
21 137
164 341
67 381
245 400
1 34
237 283
79 321
240 431
27 375
188 260
128 160
62 118
240 334
177 449
8 371
164 429
2 302
277 312
53 352
150 426
183 379
120 312
223 341
188 339
103 419
389 439
340 454
21 108
261 370
62 436
336 363
285 423
124 443
276 363
144 305
86 104
93 271
145 229
100 272
137 301
184 334
136 321
191 303
103 226
152 407
128 467
334 400
311 368
27 383
272 363
316 370
86 321
144 363
132 209
377 462
35 150
174 226
284 301
170 312
13 157
69 77
334 431
36 364
124 279
149 459
195 208
230 428
211 387
211 430
137 419
10 164
78 285
188 225
247 448
94 183
181 327
337 379
252 383
100 157
223 370
194 349
157 184
183 229
288 337
129 137
86 164
263 272
209 442
240 392
153 392
7 80
97 200
134 365
284 387
193 271
141 381
378 465
294 313
53 176
166 183
351 431
155 394
302 435
241 292
78 381
302 317
163 462
429 460
194 449
134 316
239 407
400 465
431 451
450 459
224 309
36 176
25 95
346 401
124 401
105 432
321 370
22 313
109 315
116 330
271 431
36 194
327 369
25 57
298 370
165 210
166 366
2 465
226 275
145 294
451 470
283 339
185 378
88 358
284 426
62 432
209 363
388 410
245 363
157 285
225 432
97 161
103 211
35 364
305 369
78 134
53 442
28 184
184 467
339 366
21 233
236 406
194 353
376 432
65 297
169 357
277 294
167 392
381 455
454 470
17 109
91 116
104 157
184 239
315 428
28 371
150 162
21 231
